xxxxxxxxxxxxxxxxxxxxxxxxxxxxxxxxxxxxxxxxxxxxxxxxxxxxxxxxxxxxxxxx
0000000000000000000000000000000000000000000000000000000000000111
0000000000000000000000000000000000000000000000000000000000001111
0000000000000000000000000000000000000000111111111111111111111111
1111111111111111111111111111110011111111111111111111111111111111
0000000000000000000000000000000000000000000000000000000000000000
0000000000000000000000000000000000000000000000000000000000000000
0000000000000000000000000000000000000000000000000000000000000000
0000000000000000000000000000000000000000000000000000000000000000
0000000000000000000000000000000000000000000000000000000000000000
